0 
0 Name: Example Scene.ldr
0 Author: Stefan
1 334 130 -100 10 1 0 0 0 1 0 0 0 1 71015.dat
1 14 -20 -32 0 0 0 1 0 1 0 -1 0 0 3001.dat
1 42 -30 -32 -30 -0.5 0 -0.866025 0 1 0 0.866025 0 -0.5 30385.dat
1 0 130 -16 10 0 0 -1 0 1 0 1 0 0 3957b.dat
1 1 100 -32 10 1 0 0 0 1 0 0 0 1 3298p90.dat
1 77 -10 -56 -10 0 0 1 0 1 0 -1 0 0 4599a.dat
1 15 130 -64 10 -0.258819 0 0.965926 0 1 0 -0.965926 0 -0.258819 2335p30.dat
1 4 90 -32 10 0 0 -1 0 1 0 1 0 0 2546p01.dat
1 2 -30 -40 10 0 0 1 0 1 0 -1 0 0 3741a.dat
1 4 -38.9398 -67.3743 -5.0821 0.226334 0.093347 0.969567 0.19928 0.969905 -0.139899 -0.953447 0.224879 0.200921 3742.dat
1 4 -38.2421 -62.5562 24.3727 0.15544 0.124781 0.979933 -0.262332 0.961586 -0.080833 -0.952376 -0.244503 0.182203 3742.dat
1 4 -15.2427 -57.8811 9.9562 0.249323 -0.319046 0.914357 0.082065 0.947738 0.308316 -0.964937 -0.001834 0.262475 3742.dat
1 256 40 -35 -10 -1 0 0 0 1 0 0 0 -1 3641.dat
1 14 130 -100 10 0 0 1 0 1 0 -1 0 0 4589.dat
1 7 80 -8 0 1 0 0 0 1 0 0 0 1 3029.dat
1 4 130 -119 10 0.866025 0 -0.5 0 1 0 0.5 0 0.866025 87692.dat
1 8 40 -32 30 1 0 0 0 1 0 0 0 1 3004.dat
1 7 180 -32 30 1 0 0 0 1 0 0 0 1 3004.dat
1 7 180 -56 30 1 0 0 0 1 0 0 0 1 3004.dat
1 7 180 -80 30 1 0 0 0 1 0 0 0 1 3004.dat
1 0 40 -40 20 0 0 1 0 1 0 -1 0 0 4488.dat
1 15 40 -35 -10 1 0 0 0 1 0 0 0 1 4624.dat
1 34 190 -32 10 1 0 0 0 1 0 0 0 1 3062b.dat
1 2 90 -32 30 1 0 0 0 1 0 0 0 1 3062b.dat
1 36 190 -40 10 1 0 0 0 1 0 0 0 1 6141.dat
1 0 190 -104 30 1 0 0 0 1 0 0 0 1 4070.dat
1 0 30 -112 30 1 0 0 0 1 0 0 0 1 4070.dat
1 6 190 -94 15 1 0 0 0 1 0 0 0 1 3846p48.dat
1 4 40 -88 30 1 0 0 0 1 0 0 0 1 3081cc01.dat
1 15 30 -120 30 -0.258819 0 0.965926 0 1 0 -0.965926 0 -0.258819 4592.dat
1 0 30.3536 -121.366 29.9053 -0.258819 0.482963 0.836516 0 0.866026 -0.5 -0.965926 -0.12941 -0.224144 4593.dat
1 2 30 -102 18 0.5 0 0.866025 0.866025 0 -0.5 0 1 0 2423.dat
1 7 190 -112 30 0.5 0 0.866025 0 1 0 -0.866025 0 0.5 4085c.dat
1 1 190 -136 30 0.258819 0 -0.965926 0 1 0 0.965926 0 0.258819 4495a.dat
1 6 90 -24 30 -1 0 0 0 -1 0 0 0 1 2542.dat
1 14 50 -88 30 0 0 1 0 1 0 -1 0 0 3838.dat
1 38 50 -98 30 0.707107 -0.707107 0 0 0 -1 0.707107 0.707107 0 6126a.dat
1 47 70 -48 -10 1 0 0 0 1 0 0 0 1 6269.dat
1 0 173 -107 20 0.965926 0 -0.258819 0 1 0 0.258819 0 0.965926 3962a.dat
