0 
0 Name: Example Scene.ldr
0 Author: Stefan
1 334 120 -100 -10 1 0 0 0 1 0 0 0 1 71015.dat
1 14 0 -24 0 0 0 1 0 1 0 -1 0 0 3001.dat
1 42 -10 -24 -30 0 0 -1 0 1 0 1 0 0 30385.dat
1 0 120 -16 -10 0 0 -1 0 1 0 1 0 0 3957b.dat
1 1 80 -24 10 1 0 0 0 1 0 0 0 1 3298p90.dat
1 77 10 -48 -10 0 0 1 0 1 0 -1 0 0 4599a.dat
1 15 120 -64 -10 0 0 1 0 1 0 -1 0 0 2335p30.dat
1 4 70 -24 10 1 0 0 0 1 0 0 0 1 2546p01.dat
1 2 -10 -32 30 0 0 1 0 1 0 -1 0 0 3741a.dat
1 4 -18.9398 -59.3743 14.9179 0.226334 0.093347 0.969567 0.19928 0.969905 -0.139899 -0.953447 0.224879 0.200921 3742.dat
1 4 -18.2421 -54.5562 44.3727 0.15544 0.124781 0.979933 -0.262332 0.961586 -0.080833 -0.952376 -0.244503 0.182203 3742.dat
1 4 4.7573 -49.8811 29.9562 0.249323 -0.319046 0.914357 0.082065 0.947738 0.308316 -0.964937 -0.001834 0.262475 3742.dat
1 256 40 -18 0 0 0 1 0 1 0 -1 0 0 3641.dat
1 7 140 -8 -10 1 0 0 0 1 0 0 0 1 3623.dat
1 14 120 -100 -10 0 0 1 0 1 0 -1 0 0 4589.dat
1 4 52.1699 -2 -39.7058 0 0.5 -0.866025 -1 0 0 0 0.866025 0.5 87692.dat
1 6 130.4491 -4.4484 -57.1144 0.022309 0.857081 0.514698 -0.946986 0.183159 -0.263953 -0.320501 -0.481523 0.81573 4499.dat
