0 
0 Name: Example Scene.ldr
0 Author: Stefan
1 334 150 -100 -10 1 0 0 0 1 0 0 0 1 71015.dat
1 14 -20 -32 0 0 0 1 0 1 0 -1 0 0 3001.dat
1 42 190 -8 -10 0 0 -1 0 1 0 1 0 0 30385.dat
1 0 150 -16 -10 0 0 -1 0 1 0 1 0 0 3957b.dat
1 1 100 -32 10 1 0 0 0 1 0 0 0 1 3298p90.dat
1 77 170 -32 -30 -0.5 0 -0.866025 0 1 0 0.866025 0 -0.5 4599a.dat
1 15 0 -110 10 0 -1 0 -0.156435 0 0.987688 -0.987688 0 -0.156435 2335p30.dat
1 4 90 -32 10 0 0 -1 0 1 0 1 0 0 2546p01.dat
1 2 130 -16 -30 -0.866025 0 -0.5 0 1 0 0.5 0 -0.866025 3741a.dat
1 4 121.4084 -43.3743 -14.7168 -0.938876 0.148078 -0.310781 0.19928 0.969905 -0.139899 0.280712 -0.19328 -0.94013 3742.dat
1 4 146.5682 -38.5562 -30.0485 -0.902502 -0.274136 -0.332174 -0.262332 0.961586 -0.080833 0.341573 0.014188 -0.939748 3742.dat
1 4 122.5834 -33.8811 -42.7583 -0.960321 0.157935 -0.229868 0.082065 0.947738 0.308316 0.266548 0.277218 -0.923094 3742.dat
1 256 40 -35 -30 -1 0 0 0 1 0 0 0 -1 3641.dat
1 14 150 -100 -10 0 0 1 0 1 0 -1 0 0 4589.dat
1 7 80 -8 0 1 0 0 0 1 0 0 0 1 3029.dat
1 4 150 -119 -10 0.866025 0 -0.5 0 1 0 0.5 0 0.866025 87692.dat
1 7 140 -56 30 1 0 0 0 1 0 0 0 1 3004.dat
1 7 -20 -104 30 1 0 0 0 1 0 0 0 1 3004.dat
1 0 40 -40 0 0 0 1 0 1 0 -1 0 0 4488.dat
1 15 40 -35 -30 1 0 0 0 1 0 0 0 1 4624.dat
1 34 -10 -56 -10 1 0 0 0 1 0 0 0 1 3062b.dat
1 7 10 -32 10 1 0 0 0 1 0 0 0 1 3062b.dat
1 36 -10 -64 -10 1 0 0 0 1 0 0 0 1 6141.dat
1 7 170 -56 30 1 0 0 0 1 0 0 0 1 4070.dat
1 7 190 -112 30 1 0 0 0 1 0 0 0 1 4070.dat
1 6 170 -46 15 1 0 0 0 1 0 0 0 1 3846p48.dat
1 4 40 -88 10 1 0 0 0 1 0 0 0 1 3081cc01.dat
1 15 -30 -40 -30 0 0 1 0 1 0 -1 0 0 4592.dat
1 0 -29.6339 -41.366 -30 0 -0.5 0.866026 0 0.866026 0.5 -1 0 0 4593.dat
1 2 190 -102 18 0.642788 0 0.766044 0.766044 0 -0.642788 0 1 0 2423.dat
1 1 50 -112 10 -0.573577 0 0.819152 0 1 0 -0.819152 0 -0.573577 4495a.dat
1 6 10 -24 10 -1 0 0 0 -1 0 0 0 1 2542.dat
1 14 30 -88 10 -1 0 0 0 1 0 0 0 -1 3838.dat
1 38 30 -98 10 0.707107 -0.707107 0 0 0 -1 0.707107 0.707107 0 6126a.dat
1 47 70 -48 -10 1 0 0 0 1 0 0 0 1 6269.dat
1 0 130 -59 10 1 0 0 0 1 0 0 0 1 3962a.dat
1 7 40 -32 20 1 0 0 0 1 0 0 0 1 3003.dat
1 7 190 -32 30 0 0 -1 0 1 0 1 0 0 3005.dat
1 7 10 -32 30 0 0 -1 0 1 0 1 0 0 3005.dat
1 7 190 -56 30 0 0 -1 0 1 0 1 0 0 3005.dat
1 7 120 -32 30 1 0 0 0 1 0 0 0 1 3009.dat
1 7 60 -112 30 1 0 0 0 1 0 0 0 1 3009.dat
1 7 40 -56 30 1 0 0 0 1 0 0 0 1 3008.dat
1 7 120 -88 30 1 0 0 0 1 0 0 0 1 3008.dat
1 7 0 -80 30 1 0 0 0 1 0 0 0 1 3010.dat
1 7 -20 -112 30 1 0 0 0 1 0 0 0 1 2540.dat
1 7 20 -88 30 1 0 0 0 1 0 0 0 1 3023b.dat
1 7 80 -64 30 1 0 0 0 1 0 0 0 1 3710.dat
1 7 130 -64 30 1 0 0 0 1 0 0 0 1 4085a.dat
1 7 170 -64 30 1 0 0 0 1 0 0 0 1 3623.dat
1 7 140 -120 30 1 0 0 0 1 0 0 0 1 3666.dat
1 7 20 -120 30 1 0 0 0 1 0 0 0 1 3666.dat
1 7 150 -112 30 1 0 0 0 1 0 0 0 1 3622.dat
