0 
0 Name: Example Scene.ldr
0 Author: Stefan
1 42 -10 0 10 0 0 -1 0 1 0 1 0 0 30385.dat
1 36 50.9127 -1.9618 6.7943 -0.460918 0.875386 0.145789 0.867219 0.479167 -0.13539 -0.188375 0.064027 -0.980008 6124.dat
1 38 12.7405 -4.0016 -17.9327 0.866025 -0.01745 -0.499695 0 -0.999391 0.0349 -0.5 -0.030224 -0.865498 6126a.dat
1 36 47 -8 -47 1 0 0 0 1 0 0 0 1 6141.dat
1 33 47 -8 -12 1 0 0 0 1 0 0 0 1 6141.dat
1 46 30 -8 -30 1 0 0 0 1 0 0 0 1 6141.dat
1 34 20 -8 -50 1 0 0 0 1 0 0 0 1 6141.dat
1 14 41.4645 -8 31.1237 0.965926 0 0.258819 0 1 0 -0.258819 0 0.965926 6141.dat
1 47 -15 -40 -14 1 0 0 0 1 0 0 0 1 2343.dat
1 47 41.4645 -8 31.1237 0.965926 0 0.258819 0 1 0 -0.258819 0 0.965926 30106.dat
1 7 41.4645 -32 31.1237 0.965926 0 0.258819 0 1 0 -0.258819 0 0.965926 82359.dat
1 34 9.8985 -24 29.229 0.965926 0 0.258819 0 1 0 -0.258819 0 0.965926 18860.dat
1 47 67.854 -24 13.6999 0.965926 0 0.258819 0 1 0 -0.258819 0 0.965926 18860.dat
1 34 67.854 -48 13.6999 0.965926 0 0.258819 0 1 0 -0.258819 0 0.965926 18860.dat
1 36 8.4277 -5.3459 -66.1982 0.499999 0.86273 0.075479 -0.433013 0.324528 -0.840941 -0.75 0.387786 0.535837 30153.dat
1 33 -44.3348 -12.4521 -27.2006 0.640902 0.582447 -0.500001 -0.456014 0.812858 0.362372 0.617492 -0.004238 0.786566 6090.dat
1 42 -38.1466 -4.9848 -63.7391 0.45399 -0.170012 -0.874636 -0 0.981627 -0.190809 0.891007 0.086625 0.445649 2531.dat
1 42 111.5929 -8 -2.9422 0 0.707107 0.707107 -1 0 0 0 -0.707107 0.707107 2569.dat
1 38 86.0846 -6 -29.0627 0 0.707107 -0.707107 1 0 0 0 -0.707107 -0.707107 6117.dat
1 33 67.854 -56 13.6999 0.965926 0 0.258819 0 1 0 -0.258819 0 0.965926 6141.dat
1 46 9.8985 -48 29.229 0.965926 0 0.258819 0 1 0 -0.258819 0 0.965926 4589.dat
1 46 76.0789 -24 -19.4764 0.866025 0 -0.5 0 1 0 0.5 0 0.866025 3065.dat
