0 
0 Name: Example Scene.ldr
0 Author: Stefan
1 6 82.5882 -72 80.3407 0.258819 0 0.965926 0 1 0 -0.965926 0 0.258819 2549.dat
1 2 110.9789 -11.4466 20 0.338738 0.940881 0 -0.940881 0.338738 0 0 0 1 2488.dat
1 0 179.4994 -3.5348 20.7679 -0.561806 0.827081 0.017656 0.031411 0 0.999507 0.826673 0.562083 -0.025979 3962a.dat
1 8 104.3115 -7.0157 -52.2693 0.095019 0.985699 0.139173 0.994404 -0.087499 -0.059201 -0.046177 0.14402 -0.988497 2530.dat
1 7 66.7766 -8 -23.4681 0.951057 0 -0.309017 0 1 0 0.309017 0 0.951057 2528ap32.dat
1 2 -32.679 -68.953 68.7701 1 0 0 0 0.756995 -0.653421 0 0.653421 0.756995 2518.dat
1 6 200 -8 60 1 0 0 0 1 0 0 0 1 2563a.dat
1 6 200 -40 60 0.965926 -0.257834 0.022558 0.25 0.95202 0.176517 -0.066987 -0.164863 0.984039 6135b.dat
1 6 0 -32 -20 0.866025 0 -0.5 0 1 0 0.5 0 0.866025 4738a.dat
1 6 0 -48 -20 0.866025 0 -0.5 0 1 0 0.5 0 0.866025 4739a.dat
1 4 123.4428 -77.0726 87.7746 -0.813515 -0.562545 0.147436 -0.488618 0.523712 -0.697838 0.315352 -0.639742 -0.700917 2542.dat
1 6 157.4891 -86 33.5624 0.809017 0 -0.587785 0 1 0 0.587785 0 0.809017 3846p48.dat
1 7 139.3073 -62 28.9986 0.876307 0 0.481754 0 1 0 -0.481754 0 0.876307 3846p45.dat
1 7 162.9772 -38 38.5152 0.45399 0 -0.891007 0 1 0 0.891007 0 0.45399 3846p4g.dat
1 1 19.0678 -8.8532 -58.4269 0.637424 0 -0.770513 0 1 0 0.770513 0 0.637424 2526.dat
1 14 -25.9807 -72.0355 -35 0.866025 0 -0.5 0 1 0 0.5 0 0.866025 3062b.dat
1 1 -25.9807 -72.1108 -35 0 0 -1 0 1 0 1 0 0 2543.dat
1 0 148.5276 -24 45.84 0.684547 0 -0.728969 0 1 0 0.728969 0 0.684547 30069.dat
1 0 148.5276 -48 45.84 0.45399 0 -0.891007 0 1 0 0.891007 0 0.45399 30069.dat
1 0 148.5276 -72 45.84 0.876307 0 0.481754 0 1 0 -0.481754 0 0.876307 30069.dat
1 0 148.5276 -96 45.84 0.809017 0 -0.587785 0 1 0 0.587785 0 0.809017 30069.dat
1 0 148.5276 -120 45.84 0.809017 0 -0.587785 0 1 0 0.587785 0 0.809017 3062b.dat
1 4 148.5276 -120 45.84 -0.809017 0 -0.587785 0 1 0 0.587785 0 -0.809017 3838.dat
1 7 111.0897 -4 -4.2492 -0.535827 -0.840581 -0.079458 0 -0.094108 0.995562 -0.844328 0.533449 0.050426 87696.dat
