0 
0 Name: Example Scene.ldr
0 Author: Stefan
1 2 110 -16 -10 0.258819 0 -0.965926 0 1 0 0.965926 0 0.258819 3741a.dat
1 4 122.5388 -43.3743 2.2545 0.028148 -0.148369 -0.988531 0.19928 0.969905 -0.139899 0.979538 -0.193057 0.056868 3742.dat
1 14 114.2413 -38.5562 -26.0162 0.096349 -0.057247 -0.9937 -0.262332 0.961586 -0.080833 0.960156 0.268467 0.07763 3742.dat
1 1 95.7569 -33.8811 -6.1382 0.008916 0.308649 -0.951134 0.082065 0.947738 0.308316 0.996587 -0.080804 -0.016879 3742.dat
1 7 80 -8 0 1 0 0 0 1 0 0 0 1 3029.dat
1 7 -20 -56 30 1 0 0 0 1 0 0 0 1 3004.dat
1 7 180 -56 30 1 0 0 0 1 0 0 0 1 3004.dat
1 7 180 -104 30 1 0 0 0 1 0 0 0 1 3004.dat
1 7 60 -112 30 1 0 0 0 1 0 0 0 1 3004.dat
1 7 80 -56 30 1 0 0 0 1 0 0 0 1 3008.dat
1 7 0 -32 30 1 0 0 0 1 0 0 0 1 3010.dat
1 7 80 -32 30 1 0 0 0 1 0 0 0 1 3010.dat
1 7 0 -80 30 1 0 0 0 1 0 0 0 1 3010.dat
1 7 0 -112 30 1 0 0 0 1 0 0 0 1 3010.dat
1 7 120 -104 30 1 0 0 0 1 0 0 0 1 3010.dat
1 7 -20 -120 30 1 0 0 0 1 0 0 0 1 3023b.dat
1 7 60 -80 30 1 0 0 0 1 0 0 0 1 3023b.dat
1 7 60 -16 -30 1 0 0 0 1 0 0 0 1 3023b.dat
1 7 160 -120 30 1 0 0 0 1 0 0 0 1 3710.dat
1 7 90 -80 30 1 0 0 0 1 0 0 0 1 4085a.dat
1 7 130 -80 30 1 0 0 0 1 0 0 0 1 4085a.dat
1 7 110 -80 30 1 0 0 0 1 0 0 0 1 4085a.dat
1 7 150 -80 30 1 0 0 0 1 0 0 0 1 4085a.dat
1 7 170 -80 30 1 0 0 0 1 0 0 0 1 4085a.dat
1 7 110 -64 30 1 0 0 0 1 0 0 0 1 3623.dat
1 7 10 -88 10 0 0 1 0 1 0 -1 0 0 3623.dat
1 7 60 -120 30 1 0 0 0 1 0 0 0 1 3666.dat
1 7 140 -112 30 1 0 0 0 1 0 0 0 1 3666.dat
1 7 190 -32 10 0 0 -1 0 1 0 1 0 0 3622.dat
1 7 150 -32 30 1 0 0 0 1 0 0 0 1 3622.dat
1 7 60 -64 30 1 0 0 0 1 0 0 0 1 4623.dat
1 1 160 -64 30 1 0 0 0 1 0 0 0 1 4175.dat
1 7 190 -80 30 1 0 0 0 1 0 0 0 1 3024.dat
1 7 190 -64 30 1 0 0 0 1 0 0 0 1 3024.dat
1 7 70 -88 30 1 0 0 0 1 0 0 0 1 3024.dat
1 7 -20 -88 10 0 0 1 0 1 0 -1 0 0 3021.dat
1 7 40 -88 10 0 0 1 0 1 0 -1 0 0 3021.dat
1 7 120 -72 30 1 0 0 0 1 0 0 0 1 3460.dat
1 7 190 -40 -10 0 0 1 0 1 0 -1 0 0 2555.dat
1 6 -20 -48 0 1 0 0 0 1 0 0 0 1 2489.dat
1 14 20 -48 0 1 0 0 0 1 0 0 0 1 6039.dat
1 2 20 -72 0 0 0 1 0 1 0 -1 0 0 30176.dat
1 14 -30 -120 -10 0 0 1 0 1 0 -1 0 0 3626a.dat
1 14 10 -120 -10 0 0 1 0 1 0 -1 0 0 3626a.dat
1 14 50 -120 -10 0 0 1 0 1 0 -1 0 0 3626a.dat
1 4 -30 -120 -10 1 0 0 0 1 0 0 0 1 3842a.dat
1 0 10 -120 -10 1 0 0 0 1 0 0 0 1 3901.dat
1 1 50 -120 -10 1 0 0 0 1 0 0 0 1 4485b.dat
1 0 50 -48 -30 0.866025 0 -0.5 0 1 0 0.5 0 0.866025 4349.dat
1 1 60 -32 -30 0 0 -1 0 1 0 1 0 0 4595.dat
1 15 150 -8 -10 0 0 1 0 1 0 -1 0 0 6251.dat
1 15 190 -46 -10 1 0 0 0 1 0 0 0 1 87696.dat
1 4 190 -32 -30 0 0 -1 0 1 0 1 0 0 3899.dat
1 4 -10 -8 -30 0.866025 0 -0.5 0 1 0 0.5 0 0.866025 30238.dat
1 1 60 -71 8.268 1 0 0 0 0.866025 -0.5 0 0.5 0.866025 2526.dat
1 6 60 -71 8.268 -1 0 0 0 0.866025 0.5 0 0.5 -0.866025 2524.dat
1 6 90 -64 10 0 0 1 0 -1 0 1 0 0 2561.dat
1 6 110 -32 10 1 0 0 0 -1 0 0 0 -1 3836.dat
1 8 130 -76 10 0 0 1 0 1 0 -1 0 0 2530.dat
1 8 142.6795 -99.3205 10 0 -0.866025 0.5 0 -0.5 -0.866025 1 0 0 30132.dat
1 8 170 -80 10 0 0 -1 0 1 0 1 0 0 55296.dat
1 7 50 -96 -10 0 0 1 0 1 0 -1 0 0 6141.dat
1 7 10 -96 -10 0 0 1 0 1 0 -1 0 0 6141.dat
1 7 -30 -96 -10 0 0 1 0 1 0 -1 0 0 6141.dat
